
        1       2       3       4       5       6       7       8       9       

 1|     1  1
  |
 2|    16  1
  |
 3|    81  6   66  6
  |
 4|   256  1  241  1  176 11
  |
 5|   625 10  610 10  545  5  370 10
  |
 6|  1296  6 1281  6 1216  1 1041  6  672 12
  |
 7|  2401  1 2386  1 2321 11 2146  1 1777  7 1106 11
  |
 8|  4096  1 4081  1 4016 11 3841  1 3472  7 2801 11 1696  1
  |
 9|  6561  6 6546  6 6481  1 6306  6 5937 12 5266  1 4161  6 2466  6
  |
10| 10000 10 9985 10 9920  5 9745 10 9376  1 8705  5 7600 10 5905 10 3440  5
  |
