
        1       2       3       4       5       6       7       8       9       

 1|     1  1
  |
 2|     8  1
  |
 3|    27  6   20  6
  |
 4|    64  1   57  1   38  3
  |
 5|   125  6  118  6   99  1   62  6
  |
 6|   216  6  209  6  190  1  153  6   92  1
  |
 7|   343  0  336  0  317  2  280  0  219  2  128  2
  |
 8|   512  1  505  1  486  3  449  1  388  3  297  3  170  2
  |
 9|   729  1  722  1  703  3  666  1  605  3  514  3  387  2  218  1
  |
10|  1000  6  993  6  974  1  937  6  876  1  785  1  658  0  489  6  272  6
  |
